A:
   0    1    8    5    5    2    0    7    7   10 …
   7    0    4    0    4    7    6   10    9    5 …
   2    0    8    3    6    8   10    4    2   10 …
   2    4    8    5    2    3    3    1    5    9 …
  10    5    2    0   10    0    5    4    3   10 …
   9    1    0    7    9    6    8    7   10    9 …
   4    9    2    4    5    5    3    1    1    6 …
   6    9    6    9    1    2    7    1    1    3 …
   1    3    9    7    1    7    4    4    5    1 …
  10    4    1    6    2    5    5   10    1    2 …
   …    …    …    …    …    …    …    …    …    … ⋱

B:
   7    7    2    9    7    9    1    0    8    6 …
   4    2    7    3    8    8    4    3    2    0 …
   6    1    9    1   10    2    2    1    2    6 …
   0    6    2    3    7    1    8    5    6    6 …
   8    6    8    3    1    5    3    6    5    4 …
   3    0    4    2    7    7    5    8    7   10 …
   4    6   10    1    7    3    5    5    9    0 …
   2    9    7    5    8    0    1    7    7    4 …
   1    0    5    0    1    9    8    8    4    0 …
   4    6    7    7    5    3    8    4    7    3 …
   …    …    …    …    …    …    …    …    …    … ⋱

Gold1:
 196  311  428  206  384  291  305  363  405  243 …
 286  472  448  296  490  425  382  430  500  367 …
 269  439  555  260  529  390  416  425  559  370 …
 231  293  419  231  365  385  361  356  384  235 …
 307  479  484  313  453  477  368  366  529  295 …
 317  474  488  357  472  458  439  457  564  341 …
 246  339  385  272  381  424  364  324  386  263 …
 234  367  312  217  430  307  334  248  314  284 …
 231  370  403  197  453  334  353  410  382  344 …
 246  432  363  321  462  324  291  330  436  322 …
   …    …    …    …    …    …    …    …    …    … ⋱

TEST PASSED

